1234
1111
0000
1212
7777
5533
1004
2000
4444
2222
6969
9999
3333
5555
6666
1122
1313
8888
2001
4321
1010
0909
2580
0007
1818
1230
1984
1986
0070
1985
0987
1000
1231
1987
1999
2468
2002
2323
0123
1123
1233
1357
1221
1324
1988
2112
2121
5150
1024
1112
1224
1969
1225
1235
1982
1983
1001
1978
1979
7410
1020
1223
1974
1975
1977
1980
1981
1029
1121
1213
1973
1976
2020
0069
2345
2424
2525
1515
1970
1972
1989
1023
1414
9876
0001
0907
1245
1966
1967
1971
8520
1964
1968
4545
1318
5678
1011
1124
1211
1963
4200
4567
1007
1012
1025
1120
1125
1214
1236
1965
7942
1028
1209
1227
3535
7890
0420
1210